0040000009;1200000;192000;1392000;FELIZNAVIDAD2011LESDESEACARVAJALINFORMACIONS.A.S.;0;65346;0;65346;0;0;0;1392000;1392000;(415)7707278380010(8020)0000000040000009(3900)0001392000(96)20111209
0090001306;548484;87757;636241;FELIZNAVIDAD2011LESDESEACARVAJALINFORMACIONS.A.S.;0;580000;0;580000;323830883994;0;0;636241;323831520235;(415)7707278380010(8020)0000000090001306(3900)0000636241(96)20111020
0090001307;545487;87278;632765;FELIZNAVIDAD2011LESDESEACARVAJALINFORMACIONS.A.S.;0;580000;0;580000;323830887470;0;0;632765;323831520235;(415)7707278380010(8020)0000000090001307(3900)0000632765(96)20111118
0090001313;5000000;540000;5540000;FELIZNAVIDAD2011LESDESEACARVAJALINFORMACIONS.A.S.;5800000;0;0;5800000;0;0;0;5540000;5540000;(415)7707278380010(8020)0000000090001313(3900)0005540000(96)20110131
0090001315;5000000;800000;5800000;FELIZNAVIDAD2011LESDESEACARVAJALINFORMACIONS.A.S.;0;0;0;0;0;0;0;5800000;5800000;(415)7707278380010(8020)0000000090001315(3900)0005800000(96)20110131
0090001317;5600000;896000;6496000;FELIZNAVIDAD2011LESDESEACARVAJALINFORMACIONS.A.S.;0;0;0;0;0;7664;0;6496000;6503664;(415)7707278380010(8020)0000000090001317(3900)0006496000(96)20110706
0090001318;150000;24000;174000;FELIZNAVIDAD2011LESDESEACARVAJALINFORMACIONS.A.S.;0;0;0;0;0;0;0;174000;174000;(415)7707278380010(8020)0000000090001318(3900)0000174000(96)20111119
0090001319;359000;57440;416440;FELIZNAVIDAD2011LESDESEACARVAJALINFORMACIONS.A.S.;0;0;0;0;0;0;0;416440;416440;(415)7707278380010(8020)0000000090001319(3900)0000416440(96)20110907
0090001564;100000;16000;116000;FELIZNAVIDAD2011LESDESEACARVAJALINFORMACIONS.A.S.;0;0;0;0;116000;0;0;116000;232000;(415)7707278380010(8020)0000000090001564(3900)0000116000(96)20111111
0090001566;100000;16000;116000;FELIZNAVIDAD2011LESDESEACARVAJALINFORMACIONS.A.S.;0;0;0;0;0;0;0;116000;116000;(415)7707278380010(8020)0000000090001566(3900)0000116000(96)20111111
0090001677;3000000;480000;3480000;FELIZNAVIDAD2011LESDESEACARVAJALINFORMACIONS.A.S.;0;0;0;0;0;0;0;3480000;3480000;(415)7707278380010(8020)0000000090001677(3900)0003480000(96)20111130
0090001678;3000000;480000;3480000;FELIZNAVIDAD2011LESDESEACARVAJALINFORMACIONS.A.S.;0;0;0;0;0;0;0;3480000;3480000;(415)7707278380010(8020)0000000090001678(3900)0003480000(96)20111130
0090001779;36446000;5831360;42277360;FELIZNAVIDAD2011LESDESEACARVAJALINFORMACIONS.A.S.;0;0;0;0;42277360;0;0;42277360;84554720;(415)7707278380010(8020)0000000090001779(3900)0042277360(96)20111110
0090001780;36446000;5831360;42277360;FELIZNAVIDAD2011LESDESEACARVAJALINFORMACIONS.A.S.;0;0;0;0;42277360;0;0;42277360;84554720;(415)7707278380010(8020)0000000090001780(3900)0042277360(96)20120310
0090001782;1000000;160000;1160000;FELIZNAVIDAD2011LESDESEACARVAJALINFORMACIONS.A.S.;0;0;0;0;1160000;0;0;1160000;2320000;(415)7707278380010(8020)0000000090001782(3900)0001160000(96)20111124
0090001784;1000000;160000;1160000;FELIZNAVIDAD2011LESDESEACARVAJALINFORMACIONS.A.S.;0;0;0;0;0;0;0;1160000;1160000;(415)7707278380010(8020)0000000090001784(3900)0001160000(96)20111124
0090001796;2000000;320000;2320000;FELIZNAVIDAD2011LESDESEACARVAJALINFORMACIONS.A.S.;0;0;0;0;0;0;0;2320000;2320000;(415)7707278380010(8020)0000000090001796(3900)0002320000(96)20111203
0090001798;1000000;160000;1160000;FELIZNAVIDAD2011LESDESEACARVAJALINFORMACIONS.A.S.;0;0;0;0;0;0;0;1160000;1160000;(415)7707278380010(8020)0000000090001798(3900)0001160000(96)20111204
0090001799;3500000;560000;4060000;FELIZNAVIDAD2011LESDESEACARVAJALINFORMACIONS.A.S.;0;0;0;0;0;0;0;4060000;4060000;(415)7707278380010(8020)0000000090001799(3900)0004060000(96)20110701
0090001801;3500000;560000;4060000;FELIZNAVIDAD2011LESDESEACARVAJALINFORMACIONS.A.S.;0;0;0;0;0;0;0;4060000;4060000;(415)7707278380010(8020)0000000090001801(3900)0004060000(96)20110701